63
 79
  87
   95
    97
     98
      99
     96
    91
     93
      94
      92
     89
      90
      88
   83
    85
     86
     84
    81
     82
     80
  71
   75
    77
     78
     76
    73
     74
     72
   67
    69
     70
     68
    65
     66
     64
 31
  47
   55
    59
     61
      62
      60
     57
      58
      56
    51
     53
      54
      52
     49
      50
      48
   39
    43
     45
      46
      44
     41
      42
      40
    35
     37
      38
      36
     33
      34
      32
  15
   23
    27
     29
      30
      28
     25
      26
      24
    19
     21
      22
      20
     17
      18
      16
   7
    11
     13
      14
      12
     9
      10
      8
    3
     5
      6
      4
     1
      2
